[-0.03123,-0.36526,-0.19348, 0.05234,-0.20418, 0.3624 ,-0.04528, 0.02707,
  0.35499,-0.16306, 0.09782, 0.04113,-0.07262,-0.26344,-0.12358,-0.24677,
  0.14466,-0.38713, 0.15353, 0.10413, 0.03392,-0.27645, 0.13198,-0.03216,
 -0.01949, 0.04884,-0.16937, 0.07218,-0.05165,-0.20381,-0.13938,-0.13493,
  0.04669,-0.14259, 0.08463, 0.38026,-0.11028,-0.20069,-0.19459,-0.10133,
 -0.11751,-0.38496,-0.26512, 0.25439,-0.09901,-0.00849,-0.03725,-0.40513,
 -0.0618 ,-0.03066,-0.14006,-0.11605, 0.20478, 0.33673, 0.43723, 0.02448,
 -0.13745, 0.06479,-0.20252,-0.27783, 0.06388, 0.11319, 0.00999,-0.2132 ,
  0.00523, 0.06198,-0.17271, 0.36766,-0.03395,-0.23223, 0.31451,-0.06238,
 -0.19685,-0.03563, 0.23026, 0.05452, 0.09431,-0.12559, 0.16491, 0.40769,
  0.07644,-0.33945,-0.4506 , 0.06337,-0.37094,-0.05514,-0.16998,-0.10539,
 -0.06563,-0.15235,-0.35915, 0.15052, 0.09973, 0.42395,-0.74103,-0.09725,
  0.01093, 0.21376, 0.2313 ,-0.0851 ,-0.08258,-0.09018, 0.18465,-0.09356,
 -0.07213,-0.01075, 0.03617,-0.04056, 0.23703, 0.22098, 0.6009 ,-0.06924,
 -0.10805, 0.20004, 0.13837,-0.42562,-0.31532, 0.06332,-0.11003, 0.21168,
  0.27506,-0.33613, 0.41807, 0.04709,-0.04601,-0.31951,-0.15984, 0.03397,
 -0.20061, 0.25007, 0.5303 ,-0.34295, 0.4858 , 0.29944, 0.0869 ,-0.43676,
 -0.2977 ,-0.10683,-0.15412,-0.20738, 0.20065,-0.06883,-0.10694, 0.19376,
 -0.21403, 0.17863, 0.23644, 0.23469,-0.27501, 0.27532, 0.18637, 0.0151 ,
  0.43165, 0.11965,-0.12195, 0.41597,-0.33718,-0.25394,-0.1471 ,-0.37729,
  0.39495, 0.03174, 0.49303,-0.23471, 0.09338, 0.08456,-0.01208,-0.2511 ,
 -0.17215, 0.23991,-0.26601, 0.2812 , 0.24837, 0.03714,-0.18131, 0.10514,
  0.0704 ,-0.05087, 0.03422,-0.09847, 0.13441, 0.24188,-0.02537, 0.32367,
  0.09901, 0.00896,-0.42984, 0.38465,-0.2686 ,-0.14977, 0.09462,-0.00639,
  0.00805, 0.01768, 0.17385, 0.23079,-0.06134, 0.25593, 0.54693, 0.03768,
  0.0253 ,-0.16259, 0.67359,-0.54576, 0.09383,-0.06443, 0.29302,-0.30355,
  0.38755,-0.03964,-0.07387, 0.48976,-0.0612 , 0.27829,-0.23544, 0.21227,
 -0.82084, 0.17474, 0.40706, 0.022  , 0.23763,-0.01996, 0.0325 ,-0.09239,
  0.01244,-0.00554,-0.01309, 0.16811, 0.21358,-0.00357,-0.4846 , 0.20983,
  0.20172, 0.30854,-0.12649, 0.44212, 0.27315, 0.17639, 0.29322, 0.10899,
 -0.08628,-0.30682, 0.37926, 0.1938 ,-0.40679, 0.31058, 0.12457,-0.36388,
 -0.41585,-0.24882,-0.19516,-0.08298,-0.28424, 0.04295, 0.45585,-0.04252,
 -0.14778,-0.25684,-0.39552, 0.12925,-0.00924,-0.34685, 0.41857, 0.57945,
 -0.03155, 0.50941,-0.03945,-0.10878, 0.02871,-0.34596, 0.0654 ,-0.27934,
 -0.08917,-0.3362 , 0.03339, 0.15211, 0.14059, 0.16286, 0.00643,-0.3196 ,
 -0.30681, 0.19419, 0.25803,-0.23793,-0.0584 , 0.05016, 0.38531,-0.20708,
  0.30641,-0.0962 , 0.16541,-0.04696,-0.2232 ,-0.71861,-0.27898,-0.18887,
 -0.33435, 0.09872, 0.51004, 0.08211,-0.27269,-0.1037 , 0.14322,-0.14135,
  0.18776, 0.00614,-0.22484,-0.07735,-0.51895,-0.07742,-0.20266, 0.09625,
 -0.16203,-0.25384,-0.08745, 0.08211, 0.2542 , 0.17418,-0.2045 ,-0.20828,
 -0.13102,-0.12197,-0.20903,-0.08197,-0.08459,-0.00363, 0.49787,-0.12513,
 -0.06849,-0.17448, 0.01413,-0.05378,-0.62208, 0.24468,-0.12812, 0.27038,
  0.25468, 0.03961,-0.29125,-0.50758,-0.2171 ,-0.12962, 0.09524,-0.19109,
 -0.13459, 0.20757,-0.42889, 0.16249,-0.16463,-0.38199, 0.23894, 0.03533,
  0.06611,-0.12252, 0.32339, 0.01852, 0.07039,-0.2588 ,-0.20585, 0.47817,
  0.34942,-0.15948,-0.69088,-0.04279,-0.4712 ,-0.29246,-0.17945,-0.05689,
  0.49961,-0.06205,-0.02102, 0.17072, 0.04849,-0.53546,-0.32146,-0.20784,
 -0.17738, 0.26711,-0.11039, 0.32221,-0.13222,-0.21661,-0.00615, 0.00188,
  0.03822,-0.0175 ,-0.28822,-0.02028, 0.26663, 0.48279,-0.25576, 0.40122,
 -0.35223,-0.06461,-0.33801, 0.18647, 0.2729 ,-0.25406, 0.08181,-0.01611,
 -0.45963, 0.02955,-0.17151,-0.0832 , 0.07299,-0.17458,-0.30614,-0.09423,
  0.2025 ,-0.20273, 0.23983,-0.08861, 0.07525,-0.18212, 0.4227 , 0.31865,
  0.47473,-0.1084 ,-0.18891,-0.20813, 0.30597,-0.21616,-0.4155 ,-0.11499,
  0.17264,-0.21694, 0.09187,-0.01423,-0.56038,-0.21453,-0.35738,-0.4367 ,
  0.29449, 0.32964, 0.14436,-0.09416, 0.10963,-0.70214, 0.72389,-0.35477,
 -0.53105,-0.13738,-0.22654, 0.29224,-0.43038, 0.17316, 0.25231, 0.37811,
 -0.08302, 0.02282, 0.1243 , 0.01555,-0.29843,-0.26445, 0.07552,-0.22476,
 -0.30418, 0.21283, 0.35667,-0.24866, 0.29991,-0.11701,-0.08352,-0.36438,
  0.11331, 0.04273, 0.37419,-0.05499,-0.19548,-0.06229,-0.19491,-0.00339,
 -0.25485, 0.06794, 0.20189,-0.39104,-0.03565, 0.29535,-0.16681,-0.18285,
 -0.00778, 0.10997, 0.02691,-0.13825,-0.09714, 0.22746, 0.03852,-0.10837,
  0.17305, 0.06172,-0.18868,-0.30198, 0.23175, 0.29513,-0.17623,-0.02402,
 -0.05694,-0.17052,-0.09325, 0.04371,-0.02677, 0.44037, 0.24629,-0.04232,
  0.23155,-0.11809, 0.13425,-0.03323, 0.01597, 0.0745 , 0.03377, 0.21368]


[-0.04852,-0.39544,-0.17473, 0.04128,-0.17706, 0.35724,-0.00638, 0.03543,
  0.2938 ,-0.21601, 0.1237 ,-0.05374,-0.01204,-0.33715,-0.04942,-0.2136 ,
  0.15691,-0.33417, 0.14393, 0.10279, 0.08653,-0.27476, 0.10487,-0.01391,
 -0.03745, 0.05731,-0.16216, 0.10417,-0.12904,-0.15164,-0.1435 ,-0.14453,
  0.05034,-0.17607, 0.06105, 0.2648 ,-0.11117,-0.18219,-0.27526,-0.15373,
 -0.0656 ,-0.33135,-0.2349 , 0.16842,-0.10554,-0.06634,-0.09304,-0.35409,
 -0.04935, 0.05039,-0.13331,-0.07582, 0.17657, 0.37113, 0.30865,-0.02137,
 -0.18783, 0.11964,-0.13133,-0.24503, 0.05399, 0.07173,-0.04144,-0.22715,
 -0.01648, 0.01328,-0.2188 , 0.35502,-0.0823 ,-0.25266, 0.30254,-0.01703,
 -0.16002,-0.07016, 0.16258, 0.09794, 0.0154 ,-0.10744, 0.16121, 0.40149,
  0.10901,-0.31911,-0.40854, 0.03383,-0.33596,-0.082  ,-0.17302,-0.09876,
 -0.0855 ,-0.10703,-0.25738, 0.11111, 0.08426, 0.42309,-0.73343,-0.10437,
  0.06109, 0.16836, 0.22768,-0.01776,-0.05353,-0.02809, 0.22064,-0.10805,
 -0.06308, 0.04524, 0.0015 ,-0.05714, 0.25696, 0.20855, 0.52423,-0.0616 ,
 -0.12569, 0.22906, 0.12092,-0.38328,-0.30177, 0.06386,-0.17569, 0.18204,
  0.16906,-0.32237, 0.42282, 0.11105,-0.05639,-0.30105,-0.09506, 0.02019,
 -0.24379, 0.24991, 0.48668,-0.29171, 0.37215, 0.18278, 0.07555,-0.47889,
 -0.2771 ,-0.10919,-0.16727,-0.18974, 0.1935 ,-0.12562,-0.10404, 0.22278,
 -0.2141 , 0.18473, 0.21249, 0.17825,-0.24375, 0.22538, 0.16865,-0.02642,
  0.37694, 0.02067,-0.03018, 0.32266,-0.34004,-0.19469,-0.11767,-0.33615,
  0.3364 , 0.0273 , 0.43074,-0.20292, 0.06883, 0.05771,-0.03792,-0.19936,
 -0.21347, 0.24205,-0.24272, 0.27292, 0.22442, 0.03828,-0.12583, 0.076  ,
  0.05307,-0.07173, 0.07459,-0.09171, 0.08571, 0.21513,-0.05129, 0.32498,
  0.0869 , 0.12591,-0.36902, 0.37583,-0.23953,-0.23905, 0.03397,-0.00355,
 -0.02397, 0.04875, 0.15464, 0.21189,-0.05052, 0.27221, 0.48255, 0.03605,
 -0.02159,-0.19196, 0.66039,-0.4551 , 0.10905,-0.07399, 0.29443,-0.29269,
  0.34641,-0.0753 ,-0.105  , 0.45173,-0.01968, 0.29707,-0.19711, 0.14011,
 -0.71654, 0.12536, 0.36866, 0.06104, 0.14283, 0.00854,-0.0455 ,-0.07734,
  0.00367, 0.0465 ,-0.03599, 0.11174, 0.18474,-0.00013,-0.47043, 0.17078,
  0.15091, 0.23819,-0.15902, 0.40084, 0.24993, 0.14916, 0.37556, 0.08183,
 -0.12529,-0.33692, 0.38929, 0.20143,-0.3216 , 0.2884 , 0.12928,-0.32621,
 -0.5426 ,-0.26831,-0.20346,-0.00108,-0.28756, 0.04833, 0.3955 ,-0.05976,
 -0.09998,-0.25221,-0.41108, 0.16314, 0.07431,-0.36848, 0.37639, 0.48394,
 -0.06913, 0.44613,-0.0487 ,-0.04816, 0.03136,-0.36469, 0.16212,-0.26459,
 -0.00759,-0.34491,-0.01381, 0.17751, 0.07948, 0.16027, 0.04688,-0.306  ,
 -0.30748, 0.16397, 0.26826,-0.32719,-0.02232, 0.03092, 0.36064,-0.24824,
  0.3367 ,-0.04898, 0.25942,-0.07566,-0.23042,-0.64882,-0.23512,-0.2022 ,
 -0.31164, 0.12519, 0.48083, 0.10532,-0.22872,-0.12892, 0.14525,-0.14914,
  0.17117,-0.01166,-0.15013,-0.00249,-0.48487,-0.10072,-0.25349, 0.08171,
 -0.19589,-0.26572,-0.08541, 0.05238, 0.15912, 0.19301,-0.21049,-0.17548,
 -0.09172,-0.1479 ,-0.17677,-0.12532,-0.11239, 0.02556, 0.47433,-0.11002,
 -0.0536 ,-0.15306,-0.01017,-0.08575,-0.57679, 0.20868,-0.12171, 0.26346,
  0.20856, 0.0037 ,-0.23709,-0.44477,-0.19686,-0.19375, 0.09971,-0.19182,
 -0.16001, 0.18709,-0.42868, 0.14573,-0.16676,-0.37319, 0.17651, 0.10142,
  0.12852,-0.08384, 0.27764, 0.02291, 0.00681,-0.3136 ,-0.1415 , 0.41714,
  0.36019,-0.15216,-0.55557, 0.00759,-0.40488,-0.27876,-0.08479,-0.04596,
  0.47215,-0.0506 ,-0.0866 , 0.14345, 0.1043 ,-0.55841,-0.29575,-0.20431,
 -0.1912 , 0.29292,-0.11508, 0.31087,-0.19276,-0.14711,-0.03335, 0.05116,
  0.08466,-0.05612,-0.25179,-0.01837, 0.26363, 0.4412 ,-0.25714, 0.37128,
 -0.324  ,-0.05377,-0.33407, 0.1854 , 0.22058,-0.22355, 0.07916,-0.09311,
 -0.45068,-0.00247,-0.09302,-0.01425, 0.12591,-0.21116,-0.30979,-0.1386 ,
  0.089  ,-0.19592, 0.17216,-0.1605 , 0.04595,-0.13294, 0.34446, 0.3367 ,
  0.40195,-0.0812 ,-0.17156,-0.18631, 0.41122,-0.21975,-0.40155,-0.06562,
  0.15954,-0.1353 , 0.15494,-0.01945,-0.48908,-0.22932,-0.32987,-0.43046,
  0.35128, 0.25414, 0.08177,-0.00329, 0.11568,-0.68951, 0.63565,-0.2791 ,
 -0.4192 ,-0.1154 ,-0.19119, 0.22498,-0.31497, 0.19082, 0.24399, 0.25382,
 -0.07975, 0.06749, 0.20416,-0.01364,-0.33527,-0.23645, 0.16601,-0.16037,
 -0.27648, 0.16725, 0.30436,-0.22105, 0.24836,-0.06504,-0.15047,-0.24656,
  0.08658, 0.08694, 0.35546,-0.00228,-0.25882,-0.00303,-0.15206, 0.02983,
 -0.29339, 0.11951, 0.22223,-0.34845,-0.00436, 0.20551,-0.11746,-0.22226,
 -0.02047, 0.00492,-0.0021 ,-0.10083,-0.14425, 0.11753, 0.09742,-0.14437,
  0.12552, 0.02269,-0.18015,-0.22662, 0.21488, 0.23261,-0.17037,-0.09581,
 -0.11907,-0.16903,-0.12757, 0.07748,-0.053  , 0.41536, 0.2068 , 0.00474,
  0.23128,-0.14264, 0.12694,-0.06482,-0.02672, 0.08339,-0.03419, 0.21501]


[-0.10143,-0.43986,-0.2571 ,-0.13408,-0.18586, 0.45521,-0.07041, 0.21615,
  0.07552,-0.63156, 0.1963 ,-0.62472,-0.03768,-0.53972, 0.12894,-0.08141,
  0.21966,-0.16627,-0.05438, 0.0334 , 0.33667,-0.1254 , 0.13969, 0.16719,
 -0.15398, 0.06039,-0.04843, 0.02365,-0.33682,-0.06899,-0.00861,-0.268  ,
 -0.20624,-0.2702 , 0.28719, 0.11138,-0.1312 ,-0.22328,-0.35527,-0.12311,
  0.09349, 0.1286 ,-0.34364, 0.13062,-0.01225, 0.04613,-0.39219,-0.25755,
 -0.11278, 0.23466, 0.04687, 0.00768,-0.14249, 0.5032 ,-0.00153,-0.09059,
 -0.27312, 0.40343,-0.01281,-0.09975, 0.13692, 0.0737 ,-0.20723,-0.50807,
  0.0089 , 0.06245,-0.45895, 0.44662,-0.16083,-0.40234, 0.18277,-0.00663,
 -0.02183,-0.36095, 0.12939, 0.05116,-0.15331,-0.20832, 0.32994, 0.40184,
  0.25218,-0.23588,-0.43187,-0.091  ,-0.49733,-0.24153,-0.18925, 0.02343,
 -0.16475,-0.28681, 0.23088,-0.08646,-0.0614 , 0.34931,-0.61076,-0.32102,
  0.36729, 0.0871 , 0.01256, 0.21711,-0.21191, 0.11686, 0.18589,-0.34397,
 -0.27483,-0.02908,-0.03085,-0.19068, 0.24129, 0.47308, 0.52438, 0.10405,
  0.07408, 0.26287, 0.11981,-0.37178,-0.28382,-0.0168 ,-0.14628, 0.14325,
 -0.05828,-0.40268, 0.411  , 0.38952, 0.21859,-0.49273,-0.07683, 0.04383,
 -0.18075, 0.26772, 0.31294,-0.07775, 0.31453,-0.09954,-0.04172,-0.58255,
 -0.44295,-0.39284,-0.21532, 0.06148, 0.27136,-0.18159,-0.20398, 0.32279,
 -0.3874 , 0.24939,-0.01289, 0.32183,-0.07269, 0.20618, 0.33573,-0.06264,
  0.27208,-0.10455, 0.14459, 0.16491,-0.49252,-0.17259,-0.1062 ,-0.4906 ,
  0.41992,-0.12725, 0.75728,-0.05122, 0.08652,-0.04741, 0.25848, 0.05287,
 -0.24114, 0.32377,-0.18825, 0.18279, 0.23376, 0.15796,-0.08872, 0.17582,
  0.01509,-0.15555, 0.20477, 0.0311 , 0.05207, 0.12544, 0.0556 , 0.3102 ,
  0.03567, 0.56586,-0.26952, 0.43669,-0.06835,-0.24714,-0.25901, 0.12181,
 -0.1813 , 0.01085, 0.08652, 0.10618,-0.07281, 0.2372 , 0.56145, 0.16258,
 -0.23461,-0.21356, 0.88777,-0.37457, 0.27023, 0.00431, 0.18165,-0.13642,
  0.31962,-0.28406,-0.05504, 0.48338, 0.04751, 0.29373, 0.0678 , 0.0995 ,
 -0.57745, 0.04352, 0.14404, 0.14913,-0.02953, 0.09486,-0.30709, 0.05104,
  0.04712, 0.1415 ,-0.18904, 0.01255, 0.04483, 0.03833,-0.41932,-0.08935,
  0.01007, 0.04452,-0.1099 , 0.30136, 0.31473, 0.12662, 0.52086,-0.13988,
 -0.05565,-0.36146, 0.57625, 0.12479,-0.2251 , 0.41436, 0.08675,-0.3421 ,
 -0.89247,-0.34885,-0.2718 , 0.16698,-0.40698, 0.12363, 0.32884,-0.30267,
 -0.09238,-0.26254,-0.61708, 0.29621, 0.34273,-0.45056, 0.16007, 0.13457,
 -0.16429, 0.53576,-0.05703, 0.14969, 0.08457,-0.52628, 0.49307,-0.19095,
  0.2353 ,-0.45061,-0.07219, 0.30145,-0.0136 , 0.35598, 0.17466,-0.31355,
 -0.37876,-0.05798, 0.28015,-0.32721, 0.19533,-0.05059, 0.15036,-0.11816,
  0.55685, 0.28761, 0.59578,-0.02348,-0.01164,-0.48476,-0.28136,-0.32398,
 -0.27881, 0.32053, 0.3366 , 0.16205,-0.13934,-0.36128, 0.20727,-0.24881,
  0.27621, 0.03412, 0.01558, 0.15383,-0.31222,-0.22979,-0.45828, 0.26307,
 -0.1607 ,-0.37458,-0.07316, 0.15893, 0.09958, 0.2929 ,-0.16663,-0.23391,
 -0.15146,-0.37122,-0.10023,-0.07814,-0.17645, 0.23285, 0.53738,-0.03756,
 -0.13123,-0.25244,-0.25311,-0.19835,-0.28046, 0.20778,-0.23246, 0.03084,
 -0.05033,-0.06379,-0.05175,-0.51117,-0.34741,-0.08888, 0.20316,-0.09781,
 -0.03424, 0.04809,-0.62973,-0.0487 ,-0.23566,-0.31501,-0.152  , 0.09667,
  0.1556 , 0.10123, 0.21096,-0.34941,-0.08021,-0.47385,-0.08381, 0.40057,
  0.18008,-0.08217,-0.2936 , 0.20644,-0.39553,-0.33132,-0.09858,-0.05381,
  0.44787, 0.11583,-0.43058, 0.15911,-0.07594,-0.83785,-0.33384,-0.13569,
 -0.06283, 0.44845,-0.15319, 0.2095 ,-0.49355, 0.00039,-0.05461, 0.24666,
  0.22112,-0.03973,-0.29177,-0.23068, 0.04697, 0.56957,-0.24272, 0.45142,
 -0.46905, 0.1144 ,-0.40115, 0.18278, 0.08073,-0.07133, 0.11307,-0.09688,
 -0.40445,-0.16695, 0.20792, 0.45355, 0.5067 ,-0.27362,-0.31211,-0.29626,
 -0.23231,-0.31915, 0.08327,-0.12102,-0.14999,-0.30302, 0.18463, 0.33581,
  0.15595, 0.10696,-0.06542,-0.13323, 0.54226,-0.24884,-0.47868,-0.03285,
  0.2831 , 0.03467, 0.26509,-0.00795,-0.44402,-0.02666,-0.25512,-0.45786,
  0.5514 , 0.13455,-0.17248, 0.13762, 0.01482,-0.99545, 0.52308,-0.18744,
 -0.49723,-0.16252, 0.03193,-0.02966,-0.125  , 0.20136, 0.24735, 0.04873,
 -0.18698, 0.26838, 0.60261,-0.14422,-0.26527,-0.30817, 0.24937,-0.17968,
 -0.12806,-0.07885, 0.27417, 0.00539, 0.1166 ,-0.00334,-0.42782,-0.07389,
 -0.07058, 0.29548, 0.61093, 0.13462,-0.45499,-0.04516,-0.25068, 0.16477,
 -0.32615, 0.05064, 0.21705,-0.12161,-0.09497,-0.0991 ,-0.3109 ,-0.30476,
 -0.19456,-0.25747,-0.24976, 0.34237,-0.31862, 0.073  , 0.47498,-0.36282,
  0.03967,-0.0368 ,-0.24207, 0.1319 , 0.23467, 0.2125 ,-0.392  ,-0.28646,
 -0.08415,-0.32749,-0.17122, 0.24311,-0.2017 , 0.45019, 0.13676,-0.00685,
  0.24487,-0.37318,-0.09725,-0.20248,-0.0498 , 0.16634,-0.2412 , 0.15293]


[-0.07309,-0.25277,-0.0114 , 0.08735,-0.08958, 0.40635, 0.06031, 0.11992,
  0.20039,-0.49862, 0.16349,-0.39093, 0.23525,-0.35135, 0.29472, 0.01547,
  0.29004,-0.26753, 0.00053,-0.05136, 0.23619,-0.10684, 0.11634, 0.06311,
 -0.0779 , 0.10855,-0.03404, 0.22889,-0.2041 , 0.06927,-0.14725,-0.26879,
 -0.19442,-0.21943, 0.12452, 0.0624 ,-0.19946,-0.28012,-0.29674,-0.16388,
  0.03141, 0.00616,-0.24631, 0.1616 ,-0.14196,-0.08221,-0.25227,-0.16957,
 -0.14808, 0.1469 ,-0.0624 , 0.09073,-0.00626, 0.5852 ,-0.02836,-0.16634,
 -0.21663, 0.24501, 0.08444,-0.15454,-0.00562, 0.06945,-0.08509,-0.29213,
 -0.0676 ,-0.00299,-0.24809, 0.27619, 0.06032,-0.28717, 0.35833, 0.07477,
 -0.08711,-0.08678,-0.00409, 0.1941 ,-0.00139,-0.13297, 0.09151, 0.36281,
  0.21849,-0.24815,-0.30133,-0.11272,-0.30893,-0.2457 ,-0.1397 ,-0.15961,
 -0.03144,-0.15631,-0.01642,-0.03483, 0.00286, 0.33645,-0.66105,-0.16434,
  0.20081, 0.00765, 0.13016, 0.09145,-0.07231, 0.0206 , 0.22241,-0.2295 ,
 -0.04525,-0.03222,-0.09368,-0.16502, 0.2223 , 0.27529, 0.34843, 0.09706,
 -0.17456, 0.28106, 0.1505 ,-0.2997 ,-0.25066, 0.04036,-0.30975, 0.07494,
 -0.19047,-0.49644, 0.43945, 0.20732,-0.04431,-0.28465,-0.01186,-0.08332,
 -0.27358, 0.33518, 0.23201,-0.06292, 0.19066,-0.08111,-0.01014,-0.61861,
 -0.45381,-0.24953,-0.14892,-0.11992, 0.1998 ,-0.08159,-0.18064, 0.2953 ,
 -0.18827, 0.12007, 0.0795 , 0.30489,-0.11495, 0.13712, 0.23438, 0.02276,
  0.26552,-0.18167, 0.14472, 0.08752,-0.33828,-0.11857,-0.13786,-0.33493,
  0.3381 ,-0.14995, 0.39239,-0.10973, 0.02438,-0.08901, 0.05198,-0.09902,
 -0.17682, 0.32502,-0.16311, 0.37909, 0.26111, 0.19408,-0.22536, 0.07915,
 -0.00539,-0.11712, 0.22906,-0.03217, 0.00441, 0.23579,-0.02698, 0.42385,
  0.20106, 0.47854,-0.10649, 0.31081, 0.01925,-0.36435,-0.12495, 0.14549,
 -0.17194, 0.09665, 0.03702, 0.08136,-0.10625, 0.27011, 0.32785, 0.15915,
 -0.19972,-0.22173, 0.74486,-0.34472, 0.02841,-0.03107, 0.10492,-0.16621,
  0.302  ,-0.25623,-0.16187, 0.20312, 0.18911, 0.41199,-0.07927,-0.08136,
 -0.56638,-0.02777, 0.1615 , 0.14429, 0.1355 , 0.27176,-0.21424, 0.03706,
 -0.05253, 0.21619,-0.08954,-0.09101, 0.08337, 0.02033,-0.46532,-0.02049,
  0.06243, 0.09011,-0.08636, 0.39762, 0.28314, 0.13594, 0.47016,-0.03276,
 -0.12515,-0.20227, 0.43225, 0.1542 ,-0.07674, 0.31982, 0.1754 ,-0.33838,
 -0.79426,-0.33109,-0.31836, 0.13624,-0.31696, 0.0209 , 0.30457,-0.12485,
  0.04429,-0.16629,-0.48867, 0.2071 , 0.21604,-0.40552, 0.1444 , 0.17019,
 -0.18353, 0.3681 ,-0.10725, 0.08374, 0.13685,-0.42502, 0.52754,-0.20129,
  0.15311,-0.47146,-0.10763, 0.05176,-0.05298, 0.09845, 0.02661,-0.29144,
 -0.39218, 0.15931, 0.2157 ,-0.3396 , 0.05902,-0.08245, 0.30577,-0.29499,
  0.41268, 0.12692, 0.38641,-0.07911,-0.18481,-0.44018,-0.17139,-0.20363,
 -0.34917, 0.22248, 0.39906, 0.19029,-0.28784,-0.33771, 0.18212,-0.23746,
  0.19579, 0.00503,-0.06609, 0.08902,-0.36282,-0.22817,-0.31821, 0.08798,
 -0.12883,-0.28693,-0.02662, 0.0045 , 0.03333, 0.29852,-0.20269,-0.21938,
 -0.04559,-0.20494,-0.16411,-0.1474 , 0.01014, 0.12447, 0.50136,-0.15223,
 -0.08282,-0.12075,-0.17187,-0.19457,-0.28789, 0.11267,-0.26294, 0.2199 ,
  0.11241,-0.05905,-0.15219,-0.44425,-0.27544,-0.22288, 0.15948,-0.11585,
 -0.14218, 0.19225,-0.42395, 0.07631,-0.13638,-0.32472, 0.11583, 0.11766,
  0.1782 ,-0.04235, 0.33772,-0.13371,-0.09362,-0.4941 ,-0.02934, 0.3386 ,
  0.18999,-0.0508 ,-0.34036, 0.11392,-0.29591,-0.34698, 0.06461,-0.06736,
  0.33448, 0.01489,-0.08475, 0.02335, 0.14527,-0.54111,-0.16235,-0.08963,
 -0.16972, 0.3864 ,-0.1233 , 0.12759,-0.32498,-0.04859,-0.05222, 0.06821,
  0.16406,-0.10336,-0.15345,-0.00329, 0.13713, 0.42424,-0.27623, 0.34042,
 -0.34857, 0.11113,-0.41969, 0.15974, 0.02506,-0.11554, 0.13438,-0.2028 ,
 -0.42477,-0.17207, 0.24112, 0.3513 , 0.19831,-0.32133,-0.26838,-0.17777,
 -0.0598 ,-0.18531, 0.08194,-0.08225, 0.00303,-0.11623, 0.18883, 0.19004,
  0.22752, 0.0262 ,-0.21884,-0.09082, 0.5315 ,-0.19819,-0.54796, 0.00552,
  0.14951, 0.17312, 0.24445,-0.03531,-0.37238,-0.10183,-0.2892 ,-0.43919,
  0.40204,-0.09352,-0.0998 , 0.20776, 0.11187,-0.92606, 0.43777,-0.22786,
 -0.2732 ,-0.11825,-0.1474 , 0.0915 ,-0.044  ,-0.0227 , 0.41945,-0.0009 ,
 -0.16918,-0.00424, 0.37066,-0.06154,-0.34709,-0.37066, 0.16047,-0.09746,
 -0.13696, 0.0204 , 0.10351,-0.00247, 0.06031,-0.14149,-0.18583,-0.13494,
  0.06499, 0.12338, 0.43403, 0.04132,-0.32693, 0.19001,-0.03916, 0.07   ,
 -0.32874, 0.12795, 0.22401,-0.18576,-0.06729,-0.06721,-0.17209,-0.33197,
 -0.06163,-0.13933,-0.0773 , 0.14521,-0.33991,-0.01817, 0.31813,-0.30756,
 -0.01393,-0.00455,-0.09997, 0.15791, 0.1246 , 0.19196,-0.2092 ,-0.15793,
 -0.26827,-0.11948,-0.16094, 0.28882,-0.16655, 0.35709, 0.17928,-0.04335,
  0.27125,-0.14202,-0.09029,-0.05433,-0.01712, 0.07516,-0.16075, 0.11558]


[ 0.05615,-0.00069, 0.152  , 0.08702,-0.06928, 0.22534, 0.15574, 0.02776,
  0.14884, 0.08027, 0.16243,-0.00288, 0.13271,-0.32748,-0.11945,-0.19412,
  0.34306,-0.44608, 0.11435, 0.18737, 0.25945,-0.23016,-0.08913, 0.0253 ,
  0.09623, 0.03378,-0.31306, 0.1841 ,-0.23451,-0.10705,-0.13314, 0.12682,
  0.29242, 0.03705,-0.12267,-0.06305,-0.13047,-0.21846,-0.52433,-0.17036,
  0.25379,-0.26341, 0.04256,-0.05768,-0.34072,-0.29428, 0.00391,-0.3134 ,
  0.0333 , 0.16874,-0.27111, 0.14086, 0.10972, 0.32978, 0.00572, 0.18633,
  0.00078, 0.29734, 0.13274,-0.27025, 0.2443 ,-0.27488,-0.19868, 0.25961,
  0.04956,-0.07967,-0.3005 , 0.18324,-0.01155,-0.12353, 0.28087, 0.08684,
 -0.3434 , 0.05074, 0.01244, 0.2385 , 0.05003,-0.1225 , 0.18387, 0.0023 ,
 -0.16581,-0.1914 ,-0.04564, 0.08241,-0.00867,-0.16158,-0.43458,-0.02293,
 -0.28685, 0.04551,-0.07016,-0.07584, 0.1524 , 0.29731,-0.51626, 0.13096,
  0.09983, 0.06762, 0.16072, 0.02845, 0.16526,-0.00646, 0.08343,-0.11964,
  0.10749, 0.21789,-0.21431,-0.08782, 0.2696 ,-0.06461, 0.04176,-0.15718,
 -0.24699, 0.31787,-0.06425,-0.04177,-0.22347, 0.21875,-0.12756, 0.05675,
 -0.10427,-0.21688, 0.21178, 0.24693,-0.11673,-0.37059, 0.15282, 0.08101,
 -0.32435, 0.19682, 0.11311,-0.34659,-0.12238, 0.18292,-0.14621,-0.41309,
  0.03939,-0.03609, 0.12391,-0.13877, 0.20542,-0.07323, 0.00297, 0.20288,
  0.06995,-0.05805, 0.13106,-0.09923,-0.67643,-0.13804, 0.18327,-0.02323,
  0.13445,-0.1743 , 0.14559, 0.09238,-0.27213,-0.21446,-0.29079, 0.06616,
 -0.09938, 0.21917, 0.06952,-0.09733,-0.027  ,-0.11973,-0.19007,-0.12289,
 -0.47088, 0.38383, 0.05261, 0.3205 , 0.09447, 0.28197,-0.00707,-0.00052,
 -0.07689,-0.13434, 0.17883,-0.03626,-0.13807, 0.16143,-0.35539, 0.41072,
  0.16783, 0.31964,-0.05807, 0.21905, 0.00444,-0.4833 , 0.02845, 0.04485,
 -0.3596 , 0.22986,-0.01838, 0.06285,-0.23222, 0.16001, 0.1836 ,-0.11869,
  0.09295,-0.23164, 0.27386,-0.00635, 0.19795,-0.09624, 0.24425,-0.15093,
  0.10823,-0.01343,-0.40945, 0.19508, 0.14636, 0.3095 , 0.06331,-0.02359,
 -0.5467 , 0.1287 , 0.1301 , 0.25755,-0.00142,-0.12843,-0.243  ,-0.04377,
 -0.0535 , 0.18337,-0.45486,-0.14827, 0.09314, 0.0609 ,-0.39386, 0.07846,
 -0.05051, 0.04529, 0.00646, 0.20294,-0.24574, 0.2309 , 0.25689,-0.09802,
 -0.33879,-0.18735, 0.16935, 0.49739, 0.11545, 0.23185, 0.00379,-0.40376,
 -0.41673,-0.3018 ,-0.32548, 0.19991,-0.21278,-0.12689,-0.03446,-0.08713,
  0.12257,-0.24094,-0.33999, 0.11612,-0.0692 ,-0.22374, 0.08084, 0.2098 ,
  0.03119, 0.32305,-0.05913,-0.03943,-0.12005,-0.31457, 0.13083,-0.29606,
  0.05871,-0.01599,-0.27616,-0.11586,-0.22204,-0.27954,-0.11298,-0.49739,
 -0.01577, 0.04754, 0.3289 ,-0.45287, 0.07041, 0.06822, 0.57906,-0.33554,
  0.09965,-0.33622, 0.31429,-0.05169,-0.13192,-0.28011,-0.16336,-0.10954,
 -0.29227, 0.02123, 0.30775, 0.06827,-0.16482,-0.09723, 0.23881,-0.0933 ,
  0.15725,-0.22414,-0.06303,-0.02641,-0.16322, 0.16021,-0.03133,-0.20279,
 -0.17888,-0.33642,-0.13276, 0.08457,-0.12201,-0.0429 ,-0.27302,-0.08263,
  0.08308,-0.12925, 0.15362,-0.29875, 0.03082, 0.07621, 0.20527,-0.0198 ,
  0.10139,-0.11955,-0.09048,-0.0803 ,-0.60248, 0.26725,-0.3254 , 0.15954,
  0.28302,-0.02268, 0.00157, 0.15173, 0.0964 ,-0.38086, 0.22051,-0.12464,
 -0.09537, 0.18629,-0.2999 , 0.34351,-0.19627,-0.40862,-0.11481, 0.2206 ,
  0.04197, 0.10982, 0.13711, 0.13528,-0.04191,-0.31253, 0.03314,-0.07692,
  0.47519,-0.09803,-0.11677, 0.18791,-0.22082,-0.11797, 0.11873,-0.05445,
  0.57481,-0.07026,-0.01705,-0.08928,-0.13729,-0.10831, 0.01173,-0.2596 ,
 -0.20427, 0.11298,-0.10687,-0.14175,-0.08426,-0.04918,-0.39204,-0.23108,
  0.02086,-0.0265 ,-0.02432, 0.17076, 0.14003, 0.04811,-0.3924 , 0.15998,
  0.11651, 0.11778, 0.07298, 0.4328 , 0.08215,-0.37923, 0.08347,-0.04058,
 -0.20717, 0.00584,-0.01525, 0.01116,-0.35745, 0.0034 , 0.09005, 0.04984,
  0.05155, 0.03563, 0.11227, 0.0086 ,-0.19115, 0.10861, 0.03855, 0.34891,
  0.36906, 0.10892,-0.26833,-0.01326, 0.211  ,-0.24989,-0.14515,-0.003  ,
  0.07068,-0.03759, 0.08227, 0.00898,-0.45478,-0.31208,-0.03649,-0.29295,
  0.16363, 0.03216,-0.24817, 0.07433, 0.21338,-0.41355, 0.51974,-0.06377,
  0.01162,-0.24496,-0.14315, 0.3604 ,-0.00999, 0.26258, 0.30583,-0.23561,
 -0.17568, 0.1075 , 0.16996, 0.1124 ,-0.28369,-0.097  , 0.23736, 0.15121,
 -0.09124,-0.0221 ,-0.01229,-0.13704, 0.06892,-0.09969,-0.25199, 0.03239,
  0.0995 , 0.28103, 0.205  , 0.01514, 0.00128, 0.25713, 0.18367,-0.0366 ,
 -0.1439 , 0.13912, 0.15017,-0.38653, 0.15197, 0.23902, 0.17274, 0.0248 ,
  0.00656,-0.08022,-0.05039,-0.21519,-0.12353,-0.00125, 0.05568,-0.36522,
  0.02383, 0.01229,-0.06892,-0.04725, 0.07816,-0.02182,-0.08753, 0.07894,
 -0.36612,-0.0027 ,-0.16728, 0.18411,-0.20576, 0.26505,-0.13589, 0.31603,
  0.43857, 0.02182, 0.01735,-0.03502,-0.22776, 0.06141,-0.12781,-0.01421]


[-0.23698,-0.08023, 0.18691, 0.04916, 0.1309 , 0.17192,-0.10638,-0.08725,
  0.15648,-0.176  , 0.33118,-0.41524, 0.13143, 0.0553 , 0.11108,-0.13094,
  0.26988,-0.22628, 0.05745,-0.08   , 0.10541,-0.07603, 0.18399,-0.22639,
  0.23176, 0.08097,-0.28072,-0.09454,-0.06994,-0.00717,-0.06541,-0.041  ,
 -0.1569 ,-0.06325, 0.04023, 0.01174, 0.02479,-0.23604,-0.11295,-0.2607 ,
  0.20295, 0.08105,-0.04321, 0.06081,-0.17227,-0.21577,-0.00972, 0.08554,
 -0.14919, 0.4373 ,-0.02985, 0.28579,-0.11383, 0.32553,-0.22923,-0.10501,
 -0.29555, 0.12654, 0.21384,-0.05912,-0.12944, 0.15092,-0.24265,-0.02577,
  0.00681, 0.1525 ,-0.27907, 0.13183, 0.18468, 0.11677, 0.09665, 0.06395,
 -0.10508,-0.02639, 0.0123 , 0.24016, 0.24258, 0.19553,-0.15553, 0.01844,
  0.03665,-0.00632,-0.05764,-0.07268,-0.04926,-0.2089 ,-0.08756,-0.05681,
  0.1632 , 0.04119, 0.13545,-0.0137 , 0.17013, 0.16969, 0.0068 , 0.06783,
  0.28599,-0.12195,-0.15076,-0.0874 , 0.21425,-0.1009 , 0.15328,-0.14992,
 -0.05017,-0.13705,-0.12208, 0.01742, 0.21707, 0.21307, 0.28191, 0.36152,
 -0.30698, 0.1436 , 0.20749, 0.1139 , 0.06543,-0.04352,-0.12191, 0.16568,
 -0.23263,-0.37562, 0.2368 , 0.15399, 0.13315, 0.07329, 0.15121,-0.13677,
 -0.13302, 0.26708,-0.13138, 0.28189, 0.04949,-0.07168,-0.06881,-0.32505,
 -0.28452,-0.11614,-0.02814,-0.2911 , 0.1097 ,-0.0273 ,-0.18332, 0.1029 ,
  0.03552, 0.20452,-0.10304, 0.11922, 0.08648,-0.01612, 0.03222, 0.08244,
  0.11882,-0.12401, 0.08937,-0.15634, 0.02077, 0.10717,-0.15121,-0.00655,
  0.00349,-0.29188, 0.0088 , 0.14083, 0.13629,-0.13532, 0.06626,-0.02774,
 -0.13989, 0.05416,-0.09056, 0.1034 , 0.32801, 0.27754,-0.13908,-0.07116,
  0.02456,-0.01026, 0.19188,-0.09751, 0.14977, 0.24179,-0.04239, 0.2525 ,
  0.01279, 0.00297, 0.08223, 0.00998,-0.10283,-0.12542,-0.2167 , 0.11882,
 -0.22383, 0.05224,-0.01482,-0.04062,-0.03318,-0.02877, 0.05329, 0.09881,
 -0.06966,-0.18824, 0.29104,-0.14728, 0.25909,-0.04351,-0.24366,-0.15765,
 -0.02437,-0.38223, 0.03622,-0.03822, 0.34564, 0.36207,-0.07759,-0.1526 ,
 -0.33105,-0.0557 , 0.02117,-0.00334, 0.25569, 0.18212,-0.35449, 0.07324,
  0.07073, 0.30186,-0.03753,-0.10586, 0.14396, 0.13992,-0.37408,-0.18124,
 -0.05678,-0.08453, 0.20497, 0.04545, 0.07009, 0.21444, 0.27855,-0.21016,
 -0.22255, 0.1221 , 0.07659, 0.34257, 0.18014,-0.10508, 0.22681,-0.11711,
 -0.32133,-0.16385,-0.27679, 0.07426, 0.01419,-0.12851, 0.06758, 0.07961,
 -0.06065, 0.21356,-0.12049, 0.28138, 0.04372,-0.05015,-0.2055 ,-0.05371,
 -0.00609, 0.31029,-0.0657 , 0.06078, 0.08336,-0.01844, 0.36191, 0.02735,
  0.00879,-0.18629,-0.09268,-0.05965,-0.19043,-0.07871,-0.10602,-0.00876,
 -0.26818,-0.07533, 0.1368 ,-0.16855, 0.25569, 0.04924, 0.08634, 0.01971,
  0.02361, 0.0281 , 0.37625, 0.16374, 0.04746, 0.05863,-0.07633,-0.08685,
 -0.07486, 0.07767, 0.20525, 0.04243,-0.20316, 0.05303, 0.30487,-0.13024,
 -0.0133 , 0.00653,-0.24456, 0.07689, 0.08584, 0.10011, 0.04383, 0.02665,
 -0.0232 ,-0.30454, 0.02397, 0.17002, 0.00391, 0.10578, 0.07813,-0.18127,
 -0.10032, 0.08174,-0.05487,-0.22744, 0.0441 , 0.04419, 0.10471,-0.0563 ,
  0.05401,-0.01096,-0.04157,-0.16572,-0.17227,-0.04917,-0.13789, 0.06514,
  0.14643,-0.03504,-0.22787,-0.01842,-0.20347,-0.09226,-0.0662 ,-0.12585,
  0.01321, 0.16594,-0.04755,-0.02057,-0.03993,-0.13636, 0.08637, 0.13096,
  0.11133,-0.06635, 0.12039,-0.14604,-0.10214,-0.43524, 0.24201,-0.14748,
  0.0263 ,-0.11558,-0.07149, 0.10201,-0.08154,-0.42554,-0.01549,-0.08588,
  0.29429,-0.08632, 0.26585, 0.01591, 0.09964,-0.20001,-0.03521,-0.04528,
 -0.137  , 0.17337,-0.06036,-0.19927,-0.11578,-0.03037,-0.17473,-0.05451,
  0.03807,-0.16946, 0.07272, 0.11603, 0.03507, 0.21341,-0.01321,-0.11469,
  0.10118, 0.24132, 0.08955, 0.15272,-0.07862,-0.01818,-0.00388, 0.01343,
  0.02047,-0.19292, 0.41015, 0.2643 ,-0.04063,-0.16857,-0.14817,-0.09332,
  0.04553,-0.06906, 0.05634, 0.12112,-0.09139,-0.13424, 0.03157, 0.1519 ,
  0.24852,-0.00635,-0.23488,-0.16218, 0.19249,-0.02336,-0.23197, 0.0534 ,
  0.02024, 0.07509, 0.18905, 0.12902,-0.00937, 0.20871,-0.25664, 0.00892,
  0.35466,-0.24221, 0.00219, 0.2126 , 0.03096,-0.35134,-0.03487, 0.01773,
 -0.11141,-0.18824,-0.2632 , 0.00129, 0.02359,-0.24711, 0.01358,-0.0967 ,
 -0.26242,-0.10308, 0.08926,-0.02989,-0.1417 ,-0.18438, 0.15505, 0.03376,
  0.08705,-0.06155,-0.05797, 0.1452 ,-0.13961,-0.04127,-0.16745, 0.02006,
  0.02255, 0.05432,-0.05724,-0.18031, 0.02681, 0.11046, 0.2025 , 0.02467,
  0.02482, 0.04848, 0.13472, 0.01539,-0.05369,-0.0418 ,-0.0155 ,-0.11788,
 -0.02208,-0.03385,-0.20174, 0.02051,-0.15541,-0.1447 , 0.09912,-0.12607,
  0.03252,-0.04263, 0.22112, 0.1916 ,-0.12891, 0.12623,-0.09126, 0.15748,
 -0.21299, 0.1015 , 0.00955, 0.22837,-0.20185, 0.22163, 0.03148,-0.05116,
  0.18491, 0.14806,-0.17461,-0.13322,-0.18297,-0.01364,-0.1179 , 0.09314]